33,281
33,280
33,279
33,278
33,277
33,276
33,275
33,274
33,273
33,272
33,271
33,270
33,269
33,268
33,267
33,266
33,265
33,264
33,263
33,262
33,261
33,260
33,259
33,258
33,257
33,256
33,345
33,344
33,343
33,342
33,341
33,340
33,339
33,338
33,337
33,336
33,335
33,334
33,333
33,332
33,331
33,330
33,329
33,328
33,327
33,326
33,325
33,324
33,323
33,322
33,321
33,320
33,191
33,190
33,189
33,188
33,187
33,186
33,156
33,154
33,135
33,133
33,132
33,131
33,130
33,129
33,128
33,127
33,126
33,125
33,124
33,123
33,122
33,121
33,120
33,119
33,107
33,106
33,105
33,104
33,103
33,102
33,101
33,100
33,99
33,98
33,97
33,95
33,92
33,91
33,90
33,84
33,83
33,82
0,315
0,574
0,555
0,553
0,547
0,445
0,436
0,434
0,433
0,429
0,428
0,426
0,420
0,419
0,418
0,417
0,416
0,408
0,404
0,402
0,401
0,400
0,399
0,393
0,392
0,391
0,390
33,81
35,17
0,384
33,80
33,79
33,78
33,77
0,398
33,76
0,471
165,38
165,37
0,470
0,466
165,36
0,464
165,35
20,3
33,196
33,195
33,87
19,3
19,2
19,1
18,3
18,1
14,4
14,3
14,1
13,3
13,1
12,3
12,2
12,1
11,28
11,27
11,26
11,25
11,24
11,23
11,22
11,21
11,20
11,19
11,16
11,15
11,11
11,9
11,6
11,5
11,4
11,3
11,2
11,1
10,303
10,302
10,301
10,300
10,299
10,298
10,297
10,296
10,295
10,294
10,293
10,292
10,291
10,290
10,289
10,288
10,287
10,286
10,285
10,284
10,283
10,282
10,281
10,280
10,279
10,278
10,277
10,276
10,275
10,274
10,273
10,272
10,271
10,270
10,269
10,268
10,267
10,266
10,265
10,264
10,263
10,262
10,261
10,260
10,259
10,258
10,257
10,256
10,255
10,254
10,253
10,252
10,251
10,250
10,249
10,248
10,247
10,246
10,245
10,244
10,243
10,242
10,241
10,240
10,239
10,238
10,237
10,236
10,235
10,234
10,233
10,232
10,231
10,230
10,229
10,228
10,227
10,226
10,225
10,224
